4
110 75

0 100 200 300
100 0 400 500
200 400 0 600
300 500 600 0

12 3
5 10
4 7
8 17

30
NP 3 1 1 876
SP 5 2 2 654
NP 5 3 3 976
SP 7 4 4 154
EP 10 5 1 100 2
NP 12 6 3 976
NP 12 7 3 320
NP 20 8 2 200
NP 23 9 3 500
SP 24 10 4 420
EP 24 11 1 20 5
SP 27 12 4 154
EP 29 13 1 380 1
SP 50 14 4 127
EP 60 15 2 246 3
NP 62 16 1 2000
SP 63 17 2 99
NP 67 18 3 328
SP 75 19 4 732
EP 75 20 1 223 2
NP 75 21 2 332
EP 80 22 1 145 2
SP 81 23 4 198
EP 83 24 1 899 2
EP 83 25 1 322 4
EP 84 26 2 200 2
SP 86 27 4 145
EP 87 28 1 565 2
NP 88 29 2 403
NP 88 30 3 201


2
6 15
16 65

