4
110 75

0 100 200 300
100 0 400 500
200 400 0 600
300 500 600 0

12 3
5 10
4 7
8 17

30
NP 0 1 1 876
SP 1 2 2 654
NP 2 3 3 976
SP 3 4 4 154
EP 4 5 1 100 2
NP 5 6 3 976
NP 6 7 3 320
NP 7 8 2 200
NP 8 9 3 500
SP 9 10 4 420
EP 10 11 1 20 5
SP 15 12 4 154
EP 16 13 1 380 1
SP 17 14 4 127
EP 18 15 2 246 3
NP 19 16 1 2000
SP 20 17 2 99
NP 21 18 3 328
SP 22 19 4 732
EP 23 20 1 223 2
NP 24 21 2 332
EP 25 22 1 145 2
SP 30 23 4 198
EP 31 24 1 899 2
EP 32 25 1 322 4
EP 33 26 2 200 2
SP 34 27 4 145
EP 35 28 1 565 2
NP 36 29 2 403
NP 37 30 3 201

2
6 3 15
16 1 65

100
00