5
69 64

0 985 788 687 812 
985 0 999 853 751 
788 999 0 114 324 
687 853 114 0 79 
812 751 324 79 0 

3 4
4 4
1 5
3 1
3 3

90
NP 1 1 4 839
EP 1 2 5 396 4
EP 1 3 1 432 6
SP 1 4 5 605
SP 2 5 1 564
NP 2 6 5 452
SP 2 7 2 629
SP 2 8 1 928
NP 2 9 3 367
NP 2 10 4 231
EP 2 11 5 170 8
NP 2 12 1 877
NP 3 13 1 162
NP 3 14 5 922
EP 3 15 2 223 1
SP 3 16 2 786
EP 3 17 5 94 4
NP 3 18 1 660
EP 3 19 5 185 5
EP 3 20 2 860 10
EP 4 21 1 266 1
SP 4 22 1 482
EP 4 23 2 250 3
SP 4 24 3 910
NP 5 25 1 446
EP 5 26 2 294 8
SP 5 27 1 531
SP 5 28 5 313
SP 5 29 4 655
EP 6 30 1 990 1
SP 6 31 3 51
SP 7 32 5 227
NP 7 33 2 893
EP 7 34 3 736 10
NP 8 35 4 612
EP 8 36 1 521 10
SP 8 37 3 988
EP 8 38 4 608 1
SP 8 39 5 839
NP 8 40 2 930
SP 8 41 1 365
EP 8 42 5 397 9
NP 8 43 4 241
NP 9 44 1 971
EP 9 45 5 521 9
EP 9 46 3 793 4
NP 9 47 1 291
SP 9 48 3 499
NP 9 49 2 870
SP 10 50 3 294
SP 10 51 1 332
NP 10 52 3 417
NP 10 53 1 584
SP 10 54 2 63
EP 10 55 1 486 7
SP 10 56 4 670
EP 10 57 5 683 7
NP 10 58 3 308
SP 10 59 4 214
SP 11 60 2 227
EP 11 61 5 658 1
SP 11 62 2 690
SP 11 63 4 795
SP 11 64 1 312
SP 11 65 1 145
NP 12 66 4 439
NP 12 67 2 291
EP 12 68 4 801 2
NP 12 69 1 475
SP 12 70 2 192
NP 13 71 3 694
EP 13 72 5 149 7
NP 13 73 2 613
SP 13 74 4 550
SP 13 75 2 838
EP 13 76 4 927 9
EP 13 77 1 59 8
SP 13 78 4 725
EP 13 79 3 1000 6
NP 13 80 1 499
SP 14 81 4 87
EP 14 82 2 401 9
SP 15 83 2 217
EP 15 84 1 431 6
EP 16 85 2 265 10
SP 16 86 1 568
SP 16 87 4 643
SP 16 88 3 214
EP 16 89 1 253 8
EP 17 90 2 264 1

16
2 6 5
3 18 1
6 10 4
7 1 4
7 9 3
8 14 5
8 14 5
9 49 2
9 40 2
11 13 1
12 44 1
12 67 2
13 80 1
14 73 2
15 14 5
16 53 1

24
00
13