4
94 69

0 352 851 799 
352 0 786 479 
851 786 0 932 
799 479 932 0 

2 2
2 2
2 2
2 2

60
NP 1 1 4 526
SP 1 2 3 754
EP 1 3 3 608 6
EP 3 4 4 875 7
NP 3 5 2 721
SP 3 6 1 816
SP 3 7 3 336
EP 3 8 2 1000 4
EP 3 9 2 821 9
EP 3 10 1 506 9
NP 4 11 3 553
NP 5 12 3 451
EP 5 13 1 334 3
NP 5 14 1 256
NP 5 15 1 818
NP 7 16 2 798
EP 8 17 2 562 6
EP 8 18 1 361 4
EP 8 19 3 975 6
EP 8 20 4 685 6
NP 8 21 2 284
EP 9 22 3 432 2
EP 10 23 1 488 10
EP 10 24 4 620 9
NP 10 25 2 168
NP 10 26 1 645
SP 10 27 4 550
EP 11 28 2 505 10
EP 11 29 3 249 2
EP 11 30 3 797 10
SP 11 31 4 282
NP 11 32 2 840
EP 11 33 1 816 2
NP 11 34 1 776
EP 11 35 3 973 10
NP 12 36 4 174
NP 12 37 3 704
SP 12 38 4 533
SP 12 39 3 358
SP 13 40 2 982
SP 13 41 1 610
EP 13 42 4 456 8
SP 13 43 1 461
EP 13 44 4 914 7
SP 15 45 4 811
SP 15 46 2 852
SP 15 47 4 816
NP 16 48 2 154
EP 16 49 4 115 2
EP 16 50 4 315 2
EP 16 51 1 1041 1
SP 16 52 1 560
SP 16 53 1 502
EP 16 54 3 700 6
SP 16 55 1 360
NP 19 56 4 577
NP 19 57 3 352
SP 19 58 1 478
SP 19 59 4 557
SP 19 60 4 551

2
15 34 1
16 21 2

35
00
13