5
102 73

0 29 190 586 859 
29 0 128 618 57 
190 128 0 991 235 
586 618 991 0 87 
859 57 235 87 0 

4 10
6 4
8 3
1 3
3 1

90
NP 1 1 4 71
EP 1 2 3 923 4
SP 1 3 4 424
EP 1 4 5 689 4
SP 2 5 2 336
SP 2 6 4 932
EP 2 7 4 712 8
EP 2 8 1 53 5
NP 2 9 4 150
SP 2 10 2 175
NP 2 11 5 534
SP 2 12 1 611
NP 2 13 3 189
EP 2 14 2 802 6
EP 3 15 3 505 9
EP 3 16 4 986 7
SP 3 17 3 805
NP 3 18 1 693
SP 4 19 3 109
EP 4 20 1 412 1
SP 4 21 4 798
EP 7 22 1 365 1
NP 7 23 1 411
NP 7 24 1 855
NP 7 25 4 301
EP 7 26 3 541 10
NP 7 27 4 650
EP 7 28 1 708 3
EP 7 29 2 443 2
SP 7 30 1 297
EP 8 31 4 139 1
NP 8 32 2 549
EP 8 33 1 653 9
NP 8 34 5 531
NP 8 35 4 732
SP 8 36 5 88
EP 9 37 4 784 8
SP 9 38 2 111
SP 9 39 5 353
EP 9 40 5 368 8
NP 10 41 4 179
EP 10 42 2 369 2
EP 11 43 3 841 10
NP 11 44 5 914
EP 11 45 3 74 5
NP 11 46 2 621
EP 11 47 2 116 2
SP 11 48 1 860
SP 11 49 5 583
NP 11 50 5 270
NP 11 51 2 837
NP 11 52 2 79
SP 14 53 3 373
EP 14 54 2 344 1
EP 14 55 2 991 5
NP 14 56 3 510
SP 16 57 4 813
SP 16 58 3 731
NP 16 59 2 784
SP 16 60 4 508
NP 16 61 2 183
SP 17 62 5 282
EP 17 63 5 118 3
SP 18 64 4 309
NP 18 65 4 825
NP 18 66 5 837
EP 18 67 3 914 4
EP 18 68 5 378 7
EP 19 69 3 61 10
EP 19 70 5 753 4
EP 19 71 3 190 4
NP 19 72 4 630
SP 19 73 2 56
NP 19 74 4 172
NP 20 75 1 146
EP 20 76 3 879 4
NP 20 77 1 452
NP 20 78 4 924
NP 21 79 1 134
NP 21 80 3 113
SP 21 81 1 718
NP 22 82 2 306
NP 22 83 2 736
NP 22 84 4 849
SP 22 85 5 458
NP 22 86 5 483
SP 22 87 3 431
SP 22 88 3 487
SP 23 89 4 211
NP 23 90 2 480

13
2 11 5
3 11 5
10 11 5
11 51 2
12 1 4
13 50 5
13 27 4
19 59 2
19 9 4
19 72 4
22 84 4
22 83 2
23 83 2

29