3
132 54

0 205 307 
205 0 144 
307 144 0 

18 18
18 18
18 18

120
NP 1 1 3 611
NP 1 2 3 541
NP 1 3 1 977
NP 1 4 3 449
EP 1 5 1 977 4
EP 1 6 1 99 3
NP 1 7 2 97
SP 1 8 1 568
SP 1 9 3 618
EP 1 10 1 423 10
SP 1 11 2 72
SP 1 12 2 965
NP 1 13 2 470
SP 1 14 1 607
NP 1 15 2 798
NP 1 16 1 640
NP 1 17 1 132
EP 1 18 3 195 3
NP 2 19 3 707
SP 2 20 2 532
EP 2 21 1 453 9
EP 2 22 2 859 8
NP 2 23 3 99
EP 2 24 2 164 4
NP 2 25 3 916
SP 2 26 3 524
NP 2 27 3 802
SP 2 28 1 504
SP 2 29 1 	707
NP 2 30 2 734
SP 2 31 1 494
EP 2 32 2 490 2
NP 2 33 3 316
EP 2 34 1 136 5
EP 2 35 3 656 1
NP 2 36 3 570
NP 2 37 1 163
SP 2 38 1 769
SP 3 39 3 704
SP 4 40 2 410
NP 4 41 2 451
NP 4 42 2 396
NP 4 43 3 399
SP 4 44 3 108
EP 4 45 3 227 10
SP 5 46 2 880
NP 5 47 3 633
SP 5 48 1 663
NP 5 49 1 196
SP 5 50 3 908
EP 5 51 3 873 5
NP 5 52 1 359
SP 6 53 1 648
EP 6 54 3 495 8
SP 6 55 1 912
SP 7 56 2 550
EP 7 57 3 783 8
NP 7 58 2 416
NP 7 59 1 794
NP 7 60 3 858
SP 8 61 1 286
SP 8 62 2 808
SP 8 63 3 377
NP 8 64 2 185
EP 8 65 1 884 2
EP 8 66 2 595 2
SP 8 67 2 360
SP 8 68 2 279
NP 8 69 1 71
EP 8 70 3 580 2
EP 8 71 1 90 8
NP 8 72 3 470
SP 8 73 3 462
SP 9 74 1 122
SP 9 75 1 114
NP 9 76 3 776
SP 9 77 2 458
EP 9 78 2 511 4
SP 9 79 2 102
NP 9 80 2 405
SP 9 81 2 887
NP 9 82 1 963
EP 9 83 3 367 6
NP 9 84 2 575
SP 9 85 1 167
SP 9 86 2 964
EP 10 87 2 758 6
NP 10 88 2 73
EP 10 89 2 114 8
SP 10 90 2 170
EP 10 91 3 562 6
EP 10 92 2 632 6
EP 11 93 3 955 1
SP 11 94 3 655
SP 11 95 2 888
NP 12 96 3 539
SP 12 97 3 946
EP 12 98 1 704 10
NP 12 99 3 986
EP 12 100 2 755 2
SP 12 101 2 281
SP 12 102 3 924
EP 12 103 2 482 9
SP 12 104 1 596
SP 12 105 3 692
NP 12 106 1 376
NP 12 107 3 527
SP 12 108 1 722
NP 12 109 3 89
SP 12 110 1 662
NP 12 111 2 459
SP 12 112 1 370
EP 12 113 2 809 8
EP 12 114 2 398 9
NP 12 115 2 50
SP 13 116 3 709
SP 13 117 1 954
SP 13 118 2 705
EP 13 119 2 359 4
SP 13 120 2 981

7
1 15 2
1 4 3
4 33 3
7 52 1
10 59 1
12 47 3
13 59 1

40
30
12