4
160 120

0 675 338 26 
675 0 32 288 
338 32 0 756 
26 288 756 0 

4 5
1 5
2 4
1 2

35
SP 1 1 2 643
SP 1 2 2 419
SP 1 3 4 143
EP 1 4 2 791 8
EP 1 5 1 103 3
EP 1 6 1 1022 7
NP 1 7 3 756
EP 2 8 3 900 1
NP 2 9 1 432
NP 2 10 1 924
NP 2 11 3 285
NP 2 12 2 993
EP 2 13 3 701 6
NP 2 14 4 483
EP 3 15 3 274 8
SP 3 16 3 658
EP 3 17 1 451 6
SP 3 18 3 283
EP 3 19 2 660 7
NP 3 20 3 1001
SP 3 21 3 803
NP 3 22 2 917
NP 4 23 1 192
EP 5 24 2 445 4
EP 5 25 1 272 2
EP 5 26 2 645 2
SP 5 27 3 454
EP 5 28 1 665 9
SP 5 29 3 333
SP 5 30 3 876
NP 6 31 3 901
SP 6 32 2 435
SP 6 33 3 338
NP 7 34 3 354
NP 7 35 1 805

1
8 11 3

12
00
01